Feb 1978 54.5 41.0 35.9 23.2 12.7
Mar 1978 54.1 38.9 32.9 19.6 10.3
Apr 1978 53.0 45.4 34.9 21.3 9.8
May 1978 55.1 48.4 37.1 17.8 10.5
Jun 1978 59.7 45.4 36.3 21.0 10.4
Jul 1978 62.6 48.9 33.9 21.9 9.9
Aug 1978 59.9 51.0 31.6 22.8 9.2
Sep 1978 52.7 52.1 32.9 23.0 9.3
Oct 1978 55.8 44.1 34.2 20.7 9.8
Nov 1978 55.5 41.7 33.4 21.7 9.6
Dec 1978 58.6 42.8 32.2 21.4 8.0
Jan 1979 57.4 42.1 32.4 22.5 9.7
Feb 1979 62.1 48.1 31.3 22.0 9.7
Mar 1979 62.0 42.6 30.6 20.7 7.1
Apr 1979 66.5 48.1 34.7 23.5 10.8
May 1979 61.4 43.6 37.9 25.4 10.3
Jun 1979 59.5 45.9 32.8 27.6 14.0
Jul 1979 60.1 45.8 35.9 23.4 11.9
Aug 1979 59.2 42.8 35.5 22.3 12.5
Sep 1979 62.7 44.2 37.2 21.1 9.5
Oct 1979 57.8 45.0 35.6 22.2 12.0
Nov 1979 68.2 44.2 39.4 20.4 10.9
Dec 1979 71.7 44.2 40.1 22.1 13.3
Jan 1980 71.7 48.8 35.3 20.9 11.3
Feb 1980 70.1 45.9 43.4 20.3 11.2
Mar 1980 71.0 43.9 45.5 22.9 11.0
Apr 1980 70.0 42.3 41.8 23.9 11.5
May 1980 72.8 44.2 36.1 23.0 13.0
Jun 1980 75.4 45.2 37.7 24.9 14.6
Jul 1980 74.8 43.7 38.7 22.2 13.8
Aug 1980 77.1 43.0 39.1 24.4 15.9
Sep 1980 79.2 45.3 40.5 25.8 12.3
Oct 1980 77.3 44.5 37.8 24.8 11.4
Nov 1980 75.2 43.8 35.4 26.9 12.5
Dec 1980 75.0 41.5 34.8 25.4 12.3
Jan 1981 73.6 41.9 36.1 26.0 13.6
Feb 1981 73.6 45.4 34.9 24.4 12.7
Mar 1981 73.3 49.4 35.7 24.5 11.9
Apr 1981 70.4 45.7 35.7 23.2 12.5
May 1981 73.0 42.2 39.5 23.8 10.8
Jun 1981 68.4 42.8 34.7 27.7 8.2
Jul 1981 71.6 52.4 37.9 24.4 11.7
Aug 1981 69.8 41.4 40.3 21.1 11.1
Sep 1981 77.0 41.0 35.6 21.3 12.1
Oct 1981 72.5 44.7 34.3 24.3 13.5
Nov 1981 77.4 41.4 36.9 23.7 11.5
Dec 1981 78.4 45.8 41.2 23.6 11.2
Jan 1982 79.1 45.5 45.4 22.9 9.6
Feb 1982 75.4 43.0 42.3 26.1 10.7
Mar 1982 80.2 46.2 39.2 25.8 12.0
Apr 1982 79.1 49.8 35.8 32.1 11.8
May 1982 84.1 50.6 42.0 28.7 12.5
Jun 1982 77.9 49.2 48.1 27.5 13.4
Jul 1982 80.7 51.6 50.4 27.4 12.5
Aug 1982 81.8 55.9 51.7 32.2 14.1
Sep 1982 85.6 54.4 50.8 30.5 14.6
Oct 1982 96.1 61.7 59.7 39.1 14.1
Nov 1982 94.9 69.9 64.8 40.3 14.9
Dec 1982 96.9 72.1 58.6 34.9 17.0
Jan 1983 91.9 64.7 55.5 34.6 14.4
Feb 1983 95.2 64.9 60.1 32.3 16.6
Mar 1983 101.3 68.1 61.0 33.9 17.4
Apr 1983 99.2 62.1 59.1 28.5 15.3
May 1983 107.1 69.5 63.4 29.5 20.3
Jun 1983 113.6 70.4 60.7 29.1 15.8
Jul 1983 109.2 60.5 59.2 28.8 18.4
Aug 1983 105.2 62.1 57.5 32.7 17.6
Sep 1983 96.6 60.6 61.0 34.5 17.8
Oct 1983 97.5 61.6 51.9 32.6 13.4
Nov 1983 87.5 65.0 56.2 31.1 15.0
Dec 1983 86.8 59.1 49.9 30.5 15.3
Jan 1984 94.5 57.2 54.1 30.1 15.1
Feb 1984 95.0 55.7 52.5 29.7 15.9
Mar 1984 94.1 58.9 51.0 29.2 20.9
Apr 1984 98.5 57.9 55.6 32.6 18.0
May 1984 101.8 58.1 52.2 30.4 13.9
Jun 1984 103.0 53.0 52.2 29.0 16.9
Jul 1984 98.4 56.6 50.3 33.7 16.3
Aug 1984 91.7 56.5 51.7 32.4 15.5
Sep 1984 96.3 56.3 53.8 32.1 14.7
Oct 1984 97.2 53.8 56.1 31.0 17.1
Nov 1984 95.1 52.2 49.4 33.7 15.7
Dec 1984 82.2 55.2 52.5 29.7 14.0
Jan 1985 88.1 58.5 54.8 31.0 13.4
Feb 1985 86.5 63.5 56.6 33.5 13.7
Mar 1985 86.9 55.4 52.4 32.5 10.7
Apr 1985 86.2 59.0 53.8 27.4 12.8
May 1985 77.6 57.5 53.1 27.3 12.7
Jun 1985 79.2 55.7 51.5 30.4 12.3
Jul 1985 85.7 57.8 53.7 29.2 9.5
Aug 1985 89.2 57.8 53.6 29.2 11.3
Sep 1985 86.2 55.9 47.5 31.4 12.9
Oct 1985 91.0 57.0 48.7 31.8 15.3
Nov 1985 92.1 57.6 48.6 27.9 14.5
Dec 1985 85.1 54.2 48.4 28.8 13.7
Jan 1986 89.9 55.3 50.5 31.7 12.9
Feb 1986 91.4 57.7 57.5 33.1 14.2
Mar 1986 92.4 58.9 59.0 33.8 13.1
Apr 1986 104.0 63.2 64.7 34.3 15.0
May 1986 100.7 61.7 60.2 34.9 12.9
Jun 1986 103.8 64.1 66.1 37.4 13.4
Jul 1986 101.3 65.2 66.2 34.4 13.3
Aug 1986 95.2 65.6 69.7 33.9 14.2
Sep 1986 104.0 68.1 67.2 27.2 16.4
Oct 1986 94.0 63.6 68.2 32.8 15.1
Nov 1986 101.9 63.6 70.8 34.7 18.8
Dec 1986 107.3 69.5 68.4 36.6 17.4
Jan 1987 106.1 64.6 65.9 34.3 15.7
Feb 1987 100.5 66.8 73.6 36.0 16.0
Mar 1987 99.8 68.5 75.0 35.2 18.9
Apr 1987 105.4 66.6 71.0 38.5 17.8
May 1987 107.4 71.2 75.0 39.8 16.0
Jun 1987 111.6 73.7 76.0 36.9 17.6
Jul 1987 117.8 73.1 70.2 35.4 17.5
Aug 1987 117.3 76.9 74.1 38.0 19.0
Sep 1987 110.3 75.5 72.2 37.2 14.0
Oct 1987 108.4 75.1 76.7 35.6 14.8
Nov 1987 113.2 74.6 71.1 35.3 15.6
Dec 1987 113.4 72.0 74.5 37.8 16.6
Jan 1988 119.0 73.1 72.5 37.5 16.8
Feb 1988 116.7 73.2 70.0 38.9 16.6
Mar 1988 108.7 69.6 66.9 38.0 18.2
Apr 1988 109.5 70.2 71.0 38.8 15.1
May 1988 96.4 64.6 57.2 29.8 16.3
Jun 1988 108.7 76.7 68.1 44.3 16.0
Jul 1988 103.3 66.4 67.4 37.7 15.9
Aug 1988 103.2 68.5 64.3 36.3 16.1
Sep 1988 104.1 67.9 69.4 36.0 16.2
Oct 1988 106.9 69.5 70.9 36.3 15.5
Nov 1988 95.0 69.2 74.4 38.8 14.2
Dec 1988 120.6 71.2 73.0 41.9 16.3
Jan 1989 110.5 71.3 69.7 40.4 15.2
Feb 1989 118.8 70.5 69.2 44.2 16.2
Mar 1989 106.9 65.8 69.0 42.3 18.9
Apr 1989 108.6 68.5 70.0 40.6 17.1
May 1989 108.7 71.2 71.2 46.0 18.9
Jun 1989 103.3 71.0 64.5 44.2 17.5
Jul 1989 105.6 76.2 74.7 42.8 17.4
Aug 1989 122.6 74.0 70.1 42.8 18.6
Sep 1989 120.7 79.9 82.6 44.9 21.8
Oct 1989 115.7 71.1 75.6 40.8 18.5
Nov 1989 115.8 71.1 75.4 49.5 20.3
Dec 1989 123.7 76.4 79.2 43.9 16.6
Jan 1990 128.5 80.2 77.5 48.8 17.6
Feb 1990 114.5 72.8 83.4 47.5 19.5
Mar 1990 124.2 83.0 75.9 45.1 19.1
Apr 1990 118.4 85.9 78.2 46.8 21.1
May 1990 129.8 84.6 84.3 43.2 20.3
Jun 1990 124.9 83.8 85.1 48.2 22.4
Jul 1990 123.5 86.1 91.4 50.3 20.7
Aug 1990 129.8 85.6 94.0 51.0 18.7
Sep 1990 137.0 97.4 95.4 56.1 24.2
Oct 1990 137.0 91.8 96.3 61.8 22.9
Nov 1990 141.3 99.0 103.4 62.0 22.9
Dec 1990 145.1 107.7 107.2 60.3 23.0
Jan 1991 144.4 107.6 108.4 56.8 25.0
Feb 1991 150.4 112.7 112.1 67.0 25.0
Mar 1991 169.8 113.2 116.4 66.8 25.8
Apr 1991 168.8 111.1 123.3 71.2 27.8
May 1991 143.4 111.0 113.6 64.6 26.5
Jun 1991 164.7 124.6 126.6 74.5 29.7
Jul 1991 169.9 129.0 121.6 82.6 29.2
Aug 1991 169.2 121.3 120.6 74.4 30.1
Sep 1991 169.6 120.2 124.3 75.0 32.2
Oct 1991 163.9 122.3 121.5 72.5 33.8
Nov 1991 176.0 123.0 121.7 77.3 32.4
Dec 1991 175.9 119.9 121.2 72.9 31.4
Jan 1992 182.5 119.5 133.8 73.2 32.6
Feb 1992 189.4 123.3 142.2 77.1 30.5
Mar 1992 196.7 125.5 131.0 72.8 33.5
Apr 1992 195.3 127.5 135.6 86.6 36.6
May 1992 203.1 132.8 142.2 78.8 35.6
Jun 1992 196.9 123.9 134.9 85.5 36.6
Jul 1992 205.4 124.5 139.9 80.0 38.7
Aug 1992 205.6 125.0 146.1 86.6 37.6
Sep 1992 220.8 129.2 141.0 86.7 40.8
Oct 1992 207.5 132.3 137.5 86.7 38.8
Nov 1992 197.1 136.5 147.5 86.2 34.2
Dec 1992 203.3 125.2 137.3 90.5 30.1
Jan 1993 203.6 131.3 135.7 99.0 27.6
Feb 1993 200.6 132.9 135.9 84.7 27.9
Mar 1993 200.8 129.9 140.3 98.2 28.0
Apr 1993 205.3 126.9 137.4 92.2 31.0
May 1993 202.9 130.5 136.8 92.9 28.9
Jun 1993 201.8 128.7 132.9 82.6 34.5
Jul 1993 209.6 126.4 126.5 86.2 32.0
Aug 1993 202.7 130.1 126.9 89.5 31.2
Sep 1993 206.1 136.4 154.8 92.2 31.9
Oct 1993 205.8 122.8 142.9 91.1 33.4
Nov 1993 198.8 124.3 135.1 83.5 33.4
Dec 1993 194.3 128.3 135.3 83.9 34.5
Jan 1994 210.0 121.4 138.3 82.8 27.6
Feb 1994 211.5 112.2 134.9 82.7 31.5
Mar 1994 197.9 125.6 142.5 83.6 33.3
Apr 1994 196.4 121.5 129.6 80.4 30.4
May 1994 203.6 130.0 129.2 86.4 32.6
Jun 1994 204.6 117.7 135.5 78.6 31.5
Jul 1994 210.9 118.7 130.7 78.4 29.3
Aug 1994 209.7 124.6 126.3 76.6 30.6
Sep 1994 191.2 115.9 118.4 72.3 25.7
Oct 1994 214.1 112.4 130.9 77.0 28.9
Nov 1994 208.0 108.8 128.8 84.5 34.0
Dec 1994 200.8 113.5 135.5 84.3 37.1
Jan 1995 200.7 112.2 136.2 80.4 32.9
Feb 1995 202.5 113.1 136.1 86.3 34.4
Mar 1995 199.9 114.0 135.7 87.1 36.8
Apr 1995 196.9 115.9 141.4 84.7 33.9
May 1995 194.6 116.2 137.6 83.7 35.6
Jun 1995 217.7 111.1 136.7 83.8 34.0
Jul 1995 208.1 121.4 133.1 95.9 34.1
Aug 1995 207.9 117.7 143.6 93.7 36.8
Sep 1995 204.5 121.2 145.7 94.2 34.0
Oct 1995 204.2 121.2 132.1 95.5 34.9
Nov 1995 194.5 118.0 138.8 95.9 39.8
Dec 1995 204.9 121.9 140.0 97.7 34.6
Jan 1996 205.5 126.9 127.7 90.6 30.2
Feb 1996 203.9 134.9 139.4 86.6 37.4
Mar 1996 205.0 131.0 135.5 93.7 37.9
Apr 1996 206.6 128.5 136.3 93.4 35.1
May 1996 201.9 123.5 143.4 97.4 33.3
Jun 1996 213.0 127.6 135.5 102.6 38.5
Jul 1996 204.2 125.0 142.7 99.8 35.6
Aug 1996 210.3 114.2 136.0 98.7 37.0
Sep 1996 198.6 119.3 132.2 96.6 33.0
Oct 1996 192.9 122.5 135.4 100.7 37.5
Nov 1996 203.5 125.9 142.9 97.9 34.3
Dec 1996 199.2 119.4 140.1 102.3 40.2
Jan 1997 203.8 123.0 138.8 104.2 41.0
Feb 1997 208.5 121.0 142.0 105.4 44.5
Mar 1997 221.6 117.0 145.7 104.7 44.2
Apr 1997 220.9 119.8 138.3 109.2 44.1
May 1997 213.1 122.7 145.1 109.5 46.5
Jun 1997 213.4 123.0 150.5 107.5 38.2
Jul 1997 214.0 124.2 141.1 107.7 42.0
Aug 1997 209.9 123.3 142.6 105.3 38.9
Sep 1997 204.1 120.9 146.5 94.7 38.1
Oct 1997 216.0 128.4 143.3 105.4 41.7
Nov 1997 221.2 121.6 141.4 107.1 46.6
Dec 1997 211.5 128.0 136.5 106.5 41.2
Jan 1998 218.7 117.0 135.7 113.4 46.1
Feb 1998 207.6 124.2 130.4 112.9 42.2
Mar 1998 201.0 131.8 132.5 109.0 43.5
Apr 1998 213.0 128.3 141.0 113.1 48.1
May 1998 213.0 122.3 133.9 114.4 48.1
Jun 1998 208.5 123.2 135.9 115.9 47.4
Jul 1998 214.3 120.3 124.0 116.1 47.8
Aug 1998 220.3 123.6 138.5 110.7 43.8
Sep 1998 217.2 121.2 127.9 100.5 39.9
Oct 1998 216.8 130.4 145.4 107.5 43.4
Nov 1998 214.6 121.3 139.0 109.9 42.0
Dec 1998 213.3 127.7 141.5 105.6 38.9
Jan 1999 201.2 130.3 140.4 107.0 37.1
Feb 1999 209.8 125.1 131.0 103.9 38.8
Mar 1999 211.1 112.4 138.9 108.0 41.6
Apr 1999 213.1 126.2 143.4 103.6 45.7
May 1999 218.1 123.2 137.2 110.9 37.7
Jun 1999 211.9 123.1 140.8 117.0 47.6
Jul 1999 200.0 121.5 143.6 105.4 47.9
Aug 1999 195.3 115.8 129.6 112.4 43.5
Sep 1999 182.5 99.6 139.1 103.1 38.2
Oct 1999 201.7 103.4 141.8 112.7 38.6
Nov 1999 201.7 115.8 142.7 111.6 39.1
Dec 1999 199.1 105.5 140.7 116.9 38.5
Jan 2000 196.6 107.6 139.2 116.4 39.4
Feb 2000 191.5 115.2 141.7 114.3 42.7
Mar 2000 173.5 102.0 119.9 111.0 36.6
Apr 2000 181.9 105.2 126.2 109.8 39.7
May 2000 199.1 113.5 134.4 117.4 42.7
Jun 2000 184.2 109.8 126.5 101.5 38.9
Jul 2000 178.2 102.0 124.7 97.4 43.4
Aug 2000 207.9 114.9 142.2 109.7 50.8
Sep 2000 188.7 115.9 128.3 107.1 41.2
Oct 2000 206.2 117.0 134.3 122.2 48.3
Nov 2000 213.1 123.1 136.1 116.2 53.4
Dec 2000 209.4 122.7 128.1 116.6 51.0
Jan 2001 206.7 122.9 144.6 113.4 47.8
Feb 2001 209.6 117.8 136.8 116.5 48.1
Mar 2001 213.5 121.1 138.3 110.8 52.0
Apr 2001 211.6 111.2 134.3 108.3 47.9
May 2001 217.5 104.5 130.3 103.1 47.8
Jun 2001 219.5 106.0 131.1 109.1 49.7
Jul 2001 225.3 111.0 131.8 115.4 49.5
Aug 2001 226.5 113.7 138.4 115.3 48.5
Sep 2001 223.1 116.7 140.8 117.1 45.9
Oct 2001 221.2 117.4 138.1 114.4 45.3
Nov 2001 219.3 117.5 140.5 112.1 46.9
Dec 2001 222.0 116.8 140.4 110.8 45.4
Jan 2002 224.6 119.2 138.3 109.4 49.9
Feb 2002 228.5 116.5 136.3 109.1 49.2
Mar 2002 223.4 115.8 138.4 107.6 50.1
Apr 2002 216.6 117.6 133.6 109.9 52.2
May 2002 213.5 117.0 129.9 103.6 51.1
Jun 2002 213.2 113.5 131.2 97.0 51.6
Jul 2002 216.7 113.0 136.3 103.7 49.8
Aug 2002 220.9 117.7 136.2 99.6 48.6
Sep 2002 203.7 115.2 139.5 107.5 46.5
Oct 2002 189.2 111.7 138.1 107.4 47.3
Nov 2002 177.4 109.8 135.9 111.6 48.0
Dec 2002 198.2 113.8 137.8 113.6 48.2
Jan 2003 218.1 124.8 141.3 113.0 52.8
Feb 2003 243.1 126.8 140.2 113.2 55.7
Mar 2003 247.4 131.6 140.2 120.0 57.6
Apr 2003 250.7 132.1 148.9 127.4 57.9
May 2003 247.7 132.6 145.3 127.7 55.6
Jun 2003 253.2 132.5 141.3 129.5 55.6
Jul 2003 249.7 129.6 139.5 125.2 57.5
Aug 2003 249.5 128.5 134.9 126.4 58.6
Sep 2003 259.6 129.2 138.0 124.1 56.1
Oct 2003 265.1 129.5 140.4 119.9 54.9
Nov 2003 265.0 135.4 142.8 118.1 61.8
Dec 2003 261.5 130.4 140.2 117.4 57.4
Jan 2004 254.9 125.2 140.0 117.1 52.6
Feb 2004 247.3 123.1 143.1 119.8 55.1
Mar 2004 249.0 127.5 144.6 127.4 60.1
Apr 2004 243.6 122.2 142.5 122.2 55.9
May 2004 247.3 130.7 144.7 130.2 57.4
Jun 2004 248.8 130.4 143.9 133.5 59.8
Jul 2004 248.1 130.1 141.1 129.5 57.7
Aug 2004 250.9 128.4 139.0 129.9 57.9
Sep 2004 253.9 128.9 141.5 129.6 55.8
Oct 2004 249.6 122.1 135.4 130.3 56.5
Nov 2004 247.6 121.8 134.5 131.3 57.9
Dec 2004 252.7 118.9 134.4 133.2 57.2
Jan 2005 253.5 114.3 139.2 131.0 56.4
Feb 2005 254.0 114.9 137.5 131.9 60.9
Mar 2005 256.4 116.0 141.2 128.0 65.4
Apr 2005 257.6 119.3 140.1 136.2 65.5
May 2005 254.7 113.8 141.5 130.9 63.7
Jun 2005 254.5 115.8 141.3 132.0 68.0
Jul 2005 242.7 115.0 137.1 130.2 64.7
Aug 2005 244.8 113.5 138.9 128.0 67.5
Sep 2005 246.3 116.0 139.7 130.7 60.8
Oct 2005 242.7 123.1 132.6 131.1 62.1
Nov 2005 243.0 127.2 133.8 134.5 66.2
Dec 2005 241.6 120.8 139.8 131.9 63.0
Jan 2006 244.3 116.7 139.7 134.9 62.8
Feb 2006 239.4 116.0 145.6 131.7 66.1
Mar 2006 235.1 116.9 143.3 127.8 69.7
Apr 2006 237.4 119.8 147.6 123.4 68.2
May 2006 233.8 117.9 143.6 127.2 68.8
Jun 2006 241.1 119.2 142.0 128.2 71.1
Jul 2006 249.4 116.9 142.8 131.2 65.0
Aug 2006 259.5 113.6 140.6 135.4 61.3
Sep 2006 255.0 113.2 143.6 133.0 58.1
Oct 2006 243.8 106.0 144.0 128.2 53.7
Nov 2006 238.6 106.8 142.5 122.9 52.5
Dec 2006 241.8 108.9 140.2 126.3 55.9
Jan 2007 242.2 108.1 136.5 127.9 64.0
Feb 2007 247.1 114.4 138.5 126.5 69.4
Mar 2007 244.4 112.5 133.5 125.9 71.8
Apr 2007 244.2 107.4 133.2 127.7 70.2
May 2007 244.7 106.3 133.6 128.4 69.9
Jun 2007 240.3 112.8 136.4 124.0 70.4
Jul 2007 235.9 115.8 136.6 120.0 76.5
Aug 2007 233.1 116.7 138.4 120.1 78.7
Sep 2007 233.6 115.4 135.6 116.8 72.2
Oct 2007 238.1 116.7 133.5 113.2 67.9
Nov 2007 241.1 112.4 130.8 109.9 67.7
Dec 2007 239.3 119.7 130.7 109.5 65.7
Jan 2008 232.8 121.9 127.9 115.6 66.6
Feb 2008 228.3 121.7 131.7 109.4 67.6
Mar 2008 225.1 117.7 133.6 114.3 74.7
Apr 2008 225.8 123.6 135.8 113.9 77.6
May 2008 221.2 117.5 135.8 111.2 75.6
Jun 2008 224.2 113.5 130.1 109.5 73.9
Jul 2008 229.6 111.4 133.3 112.9 69.7
Aug 2008 234.6 106.7 126.0 112.7 65.9
Sep 2008 238.8 114.3 130.3 115.8 66.1
Oct 2008 245.3 116.7 138.4 124.5 71.0
Nov 2008 250.9 116.7 142.7 121.7 75.1
Dec 2008 261.0 125.9 150.3 135.2 81.9
Jan 2009 266.8 136.6 158.0 142.3 84.1
Feb 2009 282.4 142.8 165.8 146.1 95.7
Mar 2009 282.2 150.1 165.9 150.3 99.6
Apr 2009 287.1 157.2 161.2 155.0 93.1
May 2009 296.4 166.7 159.4 156.3 91.8
Jun 2009 289.9 161.3 164.7 149.0 92.3
Jul 2009 290.9 166.2 161.7 147.7 96.9
Aug 2009 293.6 166.0 165.9 137.4 103.1
Sep 2009 294.3 159.5 170.5 145.0 93.4
Oct 2009 300.1 155.1 165.1 148.0 91.5
Nov 2009 305.6 145.5 167.7 155.4 96.1
Dec 2009 302.8 151.4 164.9 153.9 93.4
Jan 2010 301.7 160.8 168.8 154.4 84.6
Feb 2010 306.3 155.3 160.5 150.7 93.2
Mar 2010 293.1 151.7 157.5 150.9 99.4
Apr 2010 282.0 146.0 154.6 147.7 96.5
May 2010 269.9 136.6 148.4 149.0 98.7
Jun 2010 267.6 139.4 154.0 151.9 101.8
Jul 2010 265.2 135.6 153.0 158.5 105.1
Aug 2010 265.7 142.0 158.1 163.3 106.4
Sep 2010 274.4 141.7 154.4 161.5 94.5
Oct 2010 281.0 141.3 152.6 151.1 95.9
Nov 2010 285.7 134.0 144.0 151.3 98.6
Dec 2010 280.3 143.2 147.8 151.5 92.5
Jan 2011 272.9 142.7 144.9 148.6 97.3
Feb 2011 271.8 139.0 146.7 149.4 105.0
Mar 2011 269.9 147.2 147.5 154.8 108.2
Apr 2011 263.5 151.5 149.1 154.7 110.0
May 2011 261.5 156.9 149.4 152.5 104.1
Jun 2011 265.5 154.4 151.1 150.4 101.2
Jul 2011 268.1 148.8 150.1 143.2 91.7
Aug 2011 276.4 145.8 153.8 135.5 89.4
Sep 2011 274.7 148.3 155.3 140.0 86.1
Oct 2011 271.2 150.7 160.3 151.5 88.3
Nov 2011 274.1 155.7 164.3 151.9 97.8
Dec 2011 277.1 153.4 164.4 155.0 96.5
Jan 2012 283.7 153.3 163.8 154.1 97.6
Feb 2012 292.1 153.1 161.9 155.1 103.7
Mar 2012 290.4 154.7 162.0 153.2 110.5
Apr 2012 293.6 149.4 162.3 154.7 111.2
May 2012 298.5 148.9 162.7 157.2 107.4
Jun 2012 285.0 149.4 155.5 156.3 113.0
Jul 2012 271.3 154.2 155.5 154.3 108.1
Aug 2012 271.3 153.6 145.4 151.8 105.8
Sep 2012 266.2 153.7 143.5 151.7 104.5
Oct 2012 272.0 159.6 151.9 150.0 107.3
Nov 2012 270.4 160.6 153.8 146.5 120.9
Dec 2012 271.1 152.4 159.1 151.4 113.9
Jan 2013 281.3 151.3 157.4 146.8 110.6
Feb 2013 273.7 149.5 160.2 152.2 122.2
Mar 2013 287.1 156.1 162.2 148.6 124.3
Apr 2013 297.9 155.2 159.7 141.5 121.4
May 2013 313.9 161.8 165.1 144.5 114.1
Jun 2013 305.9 167.6 169.8 150.1 125.7
Jul 2013 292.6 165.1 164.2 152.5 122.3
Aug 2013 299.0 168.4 170.0 160.0 124.9
Sep 2013 295.8 166.7 154.9 163.7 122.7
Oct 2013 303.3 175.4 155.3 161.6 120.0
Nov 2013 307.9 174.5 148.6 159.4 121.1
Dec 2013 308.4 168.1 149.8 165.3 114.5
Jan 2014 308.2 157.7 151.7 158.3 117.0
Feb 2014 310.6 164.0 154.9 158.1 127.3
Mar 2014 314.5 161.3 159.5 154.4 134.2
Apr 2014 317.2 165.7 164.6 157.1 131.5
May 2014 323.9 165.8 167.1 154.9 133.2
Jun 2014 341.3 179.3 166.6 157.4 131.1
Jul 2014 363.9 190.6 164.1 169.7 137.2
Aug 2014 352.1 195.3 174.0 168.8 144.0
Sep 2014 364.9 206.6 194.0 178.4 144.6
Oct 2014 341.7 187.8 172.7 169.2 140.7
Nov 2014 361.7 202.7 180.8 177.4 143.4
Dec 2014 361.3 198.2 170.8 169.3 133.9
Jan 2015 363.4 198.7 180.9 172.5 141.9
Feb 2015 361.3 205.5 165.5 178.0 145.1
Mar 2015 361.9 183.8 156.1 177.3 135.8
Apr 2015 353.8 202.6 160.4 182.5 135.8
May 2015 364.1 190.0 171.4 179.8 137.2
Jun 2015 361.6 184.6 167.3 199.9 135.7
Jul 2015 372.7 199.2 175.8 182.0 155.3
Aug 2015 366.2 204.9 173.9 182.3 141.1
Sep 2015 369.0 213.4 190.8 193.6 140.0
Oct 2015 374.9 198.7 197.4 190.6 138.0
Nov 2015 372.2 206.5 183.8 179.3 139.8
Dec 2015 361.7 193.9 180.5 181.0 143.7
Jan 2016 364.4 203.6 186.2 179.5 152.7
Feb 2016 373.0 188.8 170.6 181.6 138.6
Mar 2016 365.1 206.3 179.6 180.6 128.1
Apr 2016 356.3 206.5 185.7 199.2 142.0
May 2016 350.1 191.9 178.5 188.5 142.7
Jun 2016 370.8 214.3 191.5 186.8 151.6
Jul 2016 386.2 225.0 191.8 194.6 149.7
Aug 2016 379.6 217.7 180.2 199.9 151.4
Sep 2016 373.9 216.3 173.7 196.7 148.6
Oct 2016 349.8 214.2 174.6 190.9 154.2
Nov 2016 361.1 211.2 160.2 194.8 151.3
Dec 2016 369.9 221.9 171.6 179.7 150.5
Jan 2017 379.4 223.7 185.0 188.8 153.5
Feb 2017 403.6 224.0 187.6 189.6 144.9
Mar 2017 368.1 213.3 190.6 181.5 150.5
Apr 2017 392.6 219.8 185.0 174.3 156.9
May 2017 386.5 222.5 176.9 183.7 150.5
Jun 2017 364.1 210.9 179.0 188.6 151.6
Jul 2017 379.6 216.8 179.9 186.6 146.9
Aug 2017 398.5 209.2 181.4 189.2 157.7
Sep 2017 394.6 209.8 175.7 183.6 154.9
Oct 2017 380.3 207.2 192.2 182.3 149.4
Nov 2017 383.2 206.4 179.6 198.4 140.2
Dec 2017 375.7 220.3 185.3 195.3 134.7
Jan 2018 402.1 224.8 185.7 202.2 146.2
Feb 2018 377.7 209.2 186.7 196.5 147.5
Mar 2018 384.3 225.1 175.2 200.4 144.7
Apr 2018 393.1 220.4 172.2 188.6 149.0
May 2018 399.7 218.9 161.3 183.2 151.7
Jun 2018 399.5 226.4 182.4 180.3 155.5
Jul 2018 404.0 215.3 174.1 176.8 157.4
Aug 2018 399.1 205.0 173.9 171.4 159.7
Sep 2018 384.1 210.0 180.8 170.3 159.7
Oct 2018 395.8 224.6 174.9 170.6 139.5
Nov 2018 381.1 228.7 186.1 175.3 157.2
Dec 2018 377.2 228.7 182.2 170.1 149.7
Jan 2019 382.4 228.8 171.0 175.3 139.1
Feb 2019 368.4 223.4 173.6 168.3 143.8
Mar 2019 385.5 214.9 178.1 176.4 150.1
Apr 2019 402.6 219.3 189.5 186.4 152.5
May 2019 400.8 229.3 190.0 188.0 152.2
Jun 2019 389.1 215.8 188.5 174.0 148.2
Jul 2019 405.6 222.3 188.6 178.9 155.8
